# test 0
lpf 1000 0.707 0 1 48000 64
coeffs 0.0039160766836994635 0.0078321533673989269 0.0039160766836994635 -1.8153179156742147 0.83098222240901265
impulse 0.0039160766836994635 0.014941077530472628 0.027784692298499183 0.038022279899503436 0.045933940541190738 0.051788866549990785 0.055842969285737211 0.058337115187088555 0.059495895624892034 0.059526859609852226 0.058620143143001111 0.056948433975252587 0.054667215637960662 0.05191523972014727 0.048815180416759661 0.045474430287868274 0.041986000896629565 0.0384294964917688 0.034872133136699249 0.031369779640037211 0.027968000297234456 0.02470308280339235 0.021603037742049927 0.018688558797812629 0.0159739352901258 0.013467910792558106 0.011174483500426349 0.0090936456551236021 0.0072220607430817253 0.0055536783787090158 0.0040802877721040649 0.0027920114921224362 0.0016777418814868002 0.00072552298062454786 -7.7118812345481616e-05 -0.00074289186053446842 -0.0012845005417643789 -0.0017144469168816128 -0.002044869088806669 -0.0022874125829265906 -0.0024531311823732119 -0.0025524137931344829 -0.002594934085101665 -0.0025896198483524192 -0.0025446392124570099 -0.0024674010945219507 -0.0023645674640432176 -0.0022420752351977168 -0.0021051658164372177 -0.001958420560290608 -0.0018058005608377913 -0.0016506894406215942 -0.0014959379515021986 -0.0013439093842241036 -0.0011965249386994344 -0.0010553083509532016 -0.00092142920331769523 -0.00079574446200614897 -0.00067883789101279735 -0.00057105708388649728 -0.00047254793592256994 -0.00038328644940470056 -0.0003031078244517825 -0.00023173283856277798

# test 1
hpf 200 0.5 0 1 48000 64
coeffs 0.97432383775182063 -1.9486476755036413 0.97432383775182063 -1.948313741843362 0.9489816091639206
impulse 0.97432383775182063 -0.050359153406206891 -0.048406996253579609 -0.04652210556665435 -0.044702308375486388 -0.042945499097742305 -0.041249637506942161 -0.039612746760709576 -0.038032911487285215 -0.036508275928608995 -0.035037042138325251 -0.033617468233112235 -0.032247866695783264 -0.030926602728651595 -0.029652092655694313 -0.02842280237209277 -0.027237245839767988 -0.026093983627569213 -0.024991621494812471 -0.023928809016903453 -0.022904238251815586 -0.021916642446229519 -0.020964794780174711 -0.020047507149047204 -0.019163628981910152 -0.018312046095015251 -0.01749167957951385 -0.016701484722356288 -0.01594044995940698 -0.015207595859830777 -0.014501974140833533 -0.01382266671186627 -0.013168784747428082 -0.012539467787627989 -0.011933882865690195 -0.011351223661610892 -0.010790709681197606 -0.010251585459744424 -0.0097331197896180621 -0.0092346049710507298 -0.0087553560854562104 -0.0082947102906053786 -0.0078520261370166461 -0.0074266829049355575 -0.0070180799612959048 -0.0066256361360724162 -0.0062487891174521906 -0.0058869948652687347 -0.0055397270421586129 -0.0052064764619164467 -0.0048867505545392544 -0.0045800728474659543 -0.0042859824625322328 -0.0040040336281749805 -0.0037337952064340676 -0.0034748502343124217 -0.0032267954790681829 -0.0029892410070251471 -0.0027618097654997951 -0.0025441371774549415 -0.0023358707485014209 -0.0021366696858803129 -0.0019462045290689432 -0.0017641567916643428

# test 2
bpf 3000 2 0 1 48000 64
coeffs 0.087317151300288387 0 -0.087317151300288387 -1.6864180071755182 0.82536569739942334
impulse 0.087317151300288387 0.14725321628807556 0.088944742784540037 0.02846026231952746 -0.02541604079378422 -0.066352193123272563 -0.090920005063780535 -0.098564309600877711 -0.091178373188716674 -0.072413250278000149 -0.046863507652277023 -0.019264050367547081 0.0061922902450372852 0.026342676141236292 0.039313859445178935 0.044557259235238442 0.04269385330626075 0.035223649668488691 0.024163755070590723 0.011677799498437794 -0.00025028319727623399 -0.010060537217898848 -0.016759695960456851 -0.019960230745437291 -0.019828414411879096 -0.016964505348470209 -0.01224355421310018 -0.0066458295088254651 -0.0011022368945586159 0.0036264075601925242 0.0070253875340428561 0.0088546276398234359 0.0091340896170958048 0.008095587292270218 0.0061135799414226786 0.0036282312501797363 0.0010727753425405955 -0.0011854699608166348 -0.0028846298576357529 -0.0038862454949975958 -0.0041729598488819478 -0.0038297809091308878 -0.003014393572803115 -0.0019225578109375069 -0.00075425905874797498 0.00031481720966730219 0.001153452965395044 0.0016853645254618086 0.0018902085731929029 0.0017966397082200209 0.0014697722391050828 0.00099576558472297882 0.00046617742385521169 -3.5700754153102977e-05 -0.00044497324922566239 -0.0007209447223562956 -0.00084854850578858492 -0.00083596443656971139 -0.00070942264993206349 -0.00050640676135312989 -0.00026848036108922902 -3.479934576185173e-05 0.00016290823713774671 0.00030345357091009001

# test 3
notch 1000 1 0 1 48000 64
coeffs 0.93873523231176959 -1.8614084445321082 0.93873523231176959 -1.8614084445321082 0.87747046462353917
impulse 0.93873523231176959 -0.11403875592716983 -0.097249911430094732 -0.080956166217473827 -0.065358566466987497 -0.050622342759176375 -0.036878644609013744 -0.024226609876890147 -0.012735694787470629 -0.0024481951994533603 0.0066181048043399858 0.014467215148750424 0.021122204949155392 0.026622496661112997 0.031021229108914587 0.034382723308433422 0.036780079192936375 0.038292925803817782 0.039005342278751437 0.039003962102662493 0.038376268615970092 0.037209085723017087 0.03558726412517009 0.03359256022279325 0.031302702085567152 0.02879063457215892 0.026123933773059837 0.023364379434732303 0.020567672875421654 0.017783287096448639 0.015054435298647171 0.012418143801509516 0.0099054154013949285 0.0075414694634824437 0.0053460454889560794 0.0033337575039294578 0.0015144873507437085 -0.00010619420210379159 -0.0015265887038799018 -0.002748422828869035 -0.0037764009635191031 -0.0046177647868039951 -0.0052818660609560784 -0.0057797578757520672 -0.0061238086506894239 -0.0063273423064443418 -0.0064043071786746668 -0.0063689754702947335 -0.0062356743277609452 -0.006018548985950856 -0.0057313578566576089 -0.00538729893795609 -0.0049988664949252 -0.0045777366045881588 -0.0041346798667310815 -0.0036794993540179722 -0.0032209917054893751 -0.0027669291526136379 -0.0023240602017327683 -0.0018981266759820654 -0.0014938948384371487 -0.0011151983712215212 -0.0007649910675380405 -0.00044540720016377844

# test 4
apf 500 0.7 0 1 48000 64
coeffs 0.9107370143743273 -1.9066459797557105 1 -1.9066459797557105 0.9107370143743273
impulse 0.9107370143743273 -0.17019291268418058 -0.15393954210367122 -0.13850722391173848 -0.12388580266879159 -0.11006271203260765 -0.097023241372039506 -0.084750787354348628 -0.073227090818208954 -0.062432459276771421 -0.052345975423225 -0.042945692035309596 -0.034208813695490024 -0.026111865760240958 -0.018630851025366033 -0.011741394544716628 -0.0054188770673148541 0.00036144243705995595 0.005624314691081312 0.010394397988635 0.014696165567354702 0.018553822006433188 0.021991228186105459 0.025031834351556783 0.027698620831668391 0.030014045971828756 0.032000000849870161 0.033677770354907134 0.035068000220333045 0.036190669614358018 0.0370650689041385 0.037709782222655967 0.03814267448095654 0.038380882482078729 0.038440809806893572 0.03833812515608722 0.038087763846563358 0.037703932174570763 0.037200114371813781 0.03658908189463065 0.035882904799980804 0.035092964975426612 0.034229971003492371 0.033303974453700404 0.032324387408194322 0.03130000103913784 0.030239005068003727 0.029149007948424125 0.028037057625446241 0.026909662734814939 0.025772814116277087 0.024632006524865479 0.023492260433668484 0.022358143830723223 0.021233793921385 0.0201229386558253 0.019028918009198172 0.017954704949494662 0.016902926035182946 0.01587588159141497 0.014875565419876443 0.013903684003274873 0.012961675171009561 0.012050726197758137

# test 5
peaking 4000 1 6 1 48000 64
coeffs 1.1496601262010469 -1.4715979213812913 0.54959478589571742 -1.4715979213812913 0.69925491209676427
impulse 1.1496601262010469 0.22023953063112223 0.069793330890600136 -0.051295852966814173 -0.12429020005829107 -0.14703632289660781 -0.12946781422594686 -0.08770869525858363 -0.038540928573672112 0.0046139856160420795 0.033739865263761465 0.046425163483474967 0.044726407562900194 0.033356264789701197 0.01781184974076841 0.0028873490510717796 -0.0082060065629023134 -0.014094935207708152 -0.015003986955859566 -0.012223883336999393 -0.0074970297300151305 -0.002485002898929398 0.0015854097641575735 0.0040707361971229691 0.0048818813609043873 0.0043376841814486275 0.0029696475031422784 0.001336980121856934 -0.00010904343551535953 -0.0010953580106288696 -0.001535677413693769 -0.0014939652204671711 -0.0011246861381340087 -0.00061042326417096453 -0.0001118553000594287 0.00026223543886675179 0.00046412049475943562 0.00049962933660501504 0.00041071495744373775 0.00025503900980570549 8.8120425237071863e-05 -4.865944577282395e-05 -0.00013322577945793157 -0.00016202942364814118 -0.00014528338233933436 -0.0001004988530716375 -4.6303784534613713e-05 2.1337635972087942e-06 3.5518190858870356e-05 5.0776451162536092e-05 4.988625055905128e-05 3.7906819733961319e-05 2.090039137716623e-05 4.2504426057542746e-06 -8.3597588316498727e-06 -1.5274346590563893e-05 -1.6632094266155756e-05 -1.3795093467772239e-05 -8.6707572583684176e-06 -3.1135814880429826e-06 1.4811295586574678e-06 4.3568143295443272e-06 5.3757917918587091e-06 4.8644802056504424e-06

# test 6
peaking 4000 1 -6 1 48000 64
coeffs 0.86982228678697771 -1.2800286692068379 0.60822750668703462 -1.2800286692068379 0.47804979347401233
impulse 0.86982228678697771 -0.16663120500445427 -0.020883577460756558 0.052926435273335043 0.077730744400902108 0.07419610986021008 0.057813981457256566 0.038534118751032367 0.021686814848390343 0.0093385172390860922 0.0015861924345303372 -0.0024339044464207881 -0.0038737464352658754 -0.003794978976431173 -0.003005838205519579 -0.0020333701621411556 -0.0011658317692855051 -0.00052024590208977985 -0.00010860403317991367 0.00010968716998794036 0.00019232085786083001 0.0001937402827888319 0.00015605416996883028 0.00010713630933458166 6.2535883736918954e-05 2.8831233486477239e-05 7.0095391261381251e-06 -4.810354174427626e-06 -9.5082999839044903e-06 -9.871307755194683e-06 -8.0901160856184912e-06 -5.6366038931138353e-06 -3.3475362562378798e-06 -1.5903650521959309e-06 -4.3542384537413412e-07 2.0291867941537479e-07 4.6789600652403622e-07 5.0191506977161678e-07 4.1878808952848922e-07 2.9612036547301028e-07 1.7884099763298938e-07 8.7361324641957054e-08 2.6330098138453924e-08 -8.0597827224530924e-09 -2.2903850929556273e-08 -2.5464608359157601e-08 -2.1646247543211881e-08 -1.5534466669067389e-08 -9.5365785297245245e-09 -4.7808453413131918e-09 -1.5606597033413264e-09 2.8779296489322894e-10 1.1144562947249046e-09 1.2889566403954213e-09 1.1171358515416141e-09 8.1378046163407187e-10 5.0761575822010366e-10 2.6073514184554477e-10 9.1082848250734057e-11 -8.0557236767245133e-12 -5.3853694052703916e-11 -6.5083235290212928e-11 -5.7563659736499017e-11 -4.2570107578079241e-11

# test 7
lowshelf 200 0.707 6 1 48000 64
coeffs 1.0064455778511419 -1.9686123523200318 0.96312005827284086 -1.9688501073857254 0.96932788105828938
impulse 1.0064455778511419 0.01292813171007734 0.012997852399590507 0.013059224576145832 0.013112474984315559 0.01315782729430255 0.013195502089373978 0.013225716855155306 0.013248685970732614 0.013264620701512067 0.013273729193786018 0.013276216470956028 0.013272284431363754 0.013262131847681453 0.013245954367814526 0.013223944517269329 0.013196291702940146 0.013163182218270002 0.013124799249740705 0.013081322884648264 0.013032930120120498 0.012979794873334487 0.012922087992892135 0.012859977271312906 0.012793627458603508 0.012723200276864979 0.012648854435898421 0.012570745649771243 0.012489026654306594 0.012403847225459255 0.012315354198542079 0.012223691488267654 0.012129000109570647 0.012031418199176911 0.011931081037886157 0.011828121073535659 0.011722667944613119 0.011614848504487523 0.011504786846227424 0.011392604327976815 0.011278419598859321 0.011162348625382183 0.011044504718312028 0.010924998559995167 0.010803938232095701 0.010681429243725388 0.010557574559939793 0.010432474630575886 0.010306227419406849 0.010178928433590398 0.010050670753387588 0.0099215450621295709 0.0097916396764104064 0.0096610405764845694 0.0095298314368483222 0.0093980936569847389 0.0092659063922526513 0.0091333465849003457 0.0090004889951853725 0.008867406232582347 0.0087341687870611147 0.0086008450604182114 0.0084675013976449817 0.0083342021183162637

# test 8
highshelf 8000 0.707 -3 1 48000 64
coeffs 0.79755683391880705 -0.42128412952476019 0.17652634830987737 -0.70910483184356976 0.26190388454749397
impulse 0.79755683391880705 0.14426727507692533 0.069943737193094449 0.011813282245091476 -0.0099416809507142483 -0.010143638508044046 -0.0045891382186046478 -0.00059752175610826644 0.00077820756178989699 0.00070832401126881463 0.00029846039548452768 2.6126898482455876e-05 -5.9641227005983232e-05 -4.9134618450755127e-05 -1.9221326322174765e-05 -7.6138793148438043e-07 4.494236168809611e-06 3.3862950396523687e-06 1.2241802639803233e-06 -1.8811684872881496e-08 -3.3395702316130213e-07 -2.3188368540868329e-07 -7.6965200111129147e-08 6.1548426891142691e-09 2.4521913574167935e-08 1.5776630192435133e-08 4.7649002780523958e-09 -7.5314692204831546e-10 -1.7820060138159293e-09 -1.0663769702517321e-09 -2.8945876486682282e-10 7.4031662114380252e-11 1.2830658424965814e-10 7.1593638961512923e-11 1.7163402488867091e-11 -6.5800005171794412e-12 -9.1610719441515461e-12 -4.772832684690611e-12 -9.8511838950267659e-13 5.5147121048141179e-13 6.4905723292491359e-13 3.1581716776888306e-13 5.3956869047383814e-14 -4.4452666492807474e-14 -4.5653114199910796e-14 -2.0730517834902531e-14 -2.7433824127016873e-15 3.4840574252006402e-15 3.1890644653160885e-15 1.3488928477696812e-15 1.2127806445405325e-16 -2.6728141516820587e-16 -2.2129373914867986e-16 -8.6918418787154835e-17 -3.6765808290953181e-18 2.0157190288506803e-17 1.5256471830963363e-17 5.539191454098482e-18 -6.786181241088e-20 -1.498856898158891e-18 -1.0450733964436921e-18 -3.4851015104077147e-19 2.6578550116302751e-20 1.1012314067267865e-19

